1
272
0
2
3
6
7
10
12
14
15
30
32
34
35
36
37
38
39
42
44
45
46
47
52
54
55
62
96
98
99
102
103
106
108
110
111
128
130
131
132
133
134
135
138
140
141
142
143
148
150
151
160
162
163
164
165
166
167
170
172
173
174
175
180
182
183
192
194
195
196
197
198
199
202
204
205
206
207
212
214
224
226
227
228
229
230
231
234
236
237
238
244
246
256
258
259
260
261
262
263
266
268
269
270
276
278
288
290
291
292
293
294
295
298
300
301
302
308
310
320
322
323
324
325
326
327
330
332
333
334
340
352
354
355
356
357
358
359
362
364
365
372
384
386
387
388
389
390
391
394
396
397
404
416
418
419
420
421
422
423
426
428
429
436
448
450
451
452
453
454
455
458
460
461
480
482
483
484
485
486
487
492
493
640
642
643
646
647
652
672
674
675
676
677
678
679
684
685
736
738
739
742
748
768
770
771
772
773
774
780
781
800
802
803
804
805
806
812
813
832
834
835
836
837
838
844
864
866
867
868
869
870
896
898
899
900
901
902
928
930
931
932
933
934
960
962
963
964
966
992
994
996
998
1280
1282
1286
1312
1314
1316
1318
1376
1378
1408
1410
1412
1440
1442
1444
1472
1474
1504
1920
1952
2
1024
0
1
2
3
4
5
6
7
8
9
10
11
12
13
14
15
16
17
18
19
20
21
22
23
24
25
26
27
28
29
30
31
32
33
34
35
36
37
38
39
40
41
42
43
44
45
46
47
48
49
50
51
52
53
54
55
56
57
58
59
60
61
63
64
65
66
67
68
69
70
71
72
73
74
75
76
77
78
79
80
81
82
83
84
85
86
87
88
89
90
91
92
93
94
96
97
98
99
100
101
102
103
104
105
106
107
108
109
110
111
112
113
114
115
116
117
118
119
120
121
122
123
124
125
128
129
130
131
132
133
134
135
136
137
138
139
140
141
142
143
144
145
146
147
148
149
150
151
152
153
154
155
156
157
160
161
162
163
164
165
166
167
168
169
170
171
172
173
174
175
176
177
178
179
180
181
182
183
184
185
187
188
189
192
193
194
195
196
197
198
199
200
201
202
203
204
205
206
208
209
210
211
212
213
214
215
216
217
218
219
220
221
224
225
226
227
228
229
230
231
232
233
234
235
236
237
238
240
241
242
243
244
245
246
247
248
249
251
252
253
256
257
258
259
260
261
262
263
264
265
266
267
268
269
270
272
273
274
275
276
277
278
279
280
281
283
284
285
288
289
290
291
292
293
294
295
296
297
298
299
300
301
304
305
306
307
308
309
310
311
312
313
315
316
317
320
321
322
323
324
325
326
327
328
329
330
331
332
333
334
336
337
338
339
340
341
342
343
344
345
348
349
352
353
354
355
356
357
358
359
360
361
362
363
364
365
368
369
370
371
372
373
374
375
376
377
380
381
384
385
386
387
388
389
390
391
392
393
394
395
396
397
400
401
402
403
404
405
406
407
408
409
412
413
416
417
418
419
420
421
422
423
424
425
427
428
429
432
433
434
435
436
437
438
439
440
441
444
445
448
449
450
451
452
453
454
455
456
457
458
460
461
464
465
466
467
468
469
470
471
472
473
476
477
480
481
482
483
484
485
486
487
488
489
492
493
496
497
498
499
500
501
502
503
504
505
508
509
512
513
514
515
516
517
518
519
520
521
524
525
528
529
530
531
532
533
534
535
536
537
540
541
544
545
546
547
548
549
550
551
552
553
556
557
560
561
562
563
564
565
566
567
568
569
573
576
577
578
579
580
581
582
583
584
585
588
589
592
593
594
595
596
597
598
600
601
604
605
608
609
610
611
612
613
614
615
616
617
620
621
624
625
626
627
628
629
630
632
633
637
640
641
642
643
644
645
646
647
648
649
652
653
656
657
658
659
660
661
662
664
665
669
672
673
674
675
676
677
678
679
680
681
684
685
688
689
690
691
692
693
694
697
701
704
705
706
707
708
709
710
712
713
716
717
720
721
722
723
724
725
726
728
729
733
736
737
738
739
740
741
742
744
745
748
749
752
753
754
755
756
757
758
761
765
768
769
770
771
772
773
774
776
777
780
781
784
785
786
787
788
789
790
793
797
800
801
802
803
804
805
806
808
809
813
816
817
818
819
820
821
822
825
829
832
833
834
835
836
837
838
840
841
844
845
848
849
850
852
853
854
857
861
864
865
866
867
868
869
870
872
873
877
880
881
882
884
885
886
889
893
896
897
898
899
900
901
902
904
905
909
912
913
914
916
917
918
921
925
928
929
930
931
932
933
934
937
941
944
945
946
948
949
950
953
957
960
961
962
964
965
966
968
969
973
976
977
978
980
981
982
985
989
992
993
994
996
997
998
1001
1005
1008
1009
1010
1012
1013
1014
1017
1021
1024
1025
1026
1028
1029
1030
1033
1037
1040
1041
1042
1044
1045
1046
1049
1053
1056
1057
1058
1060
1061
1062
1065
1069
1072
1073
1074
1076
1077
1081
1085
1088
1089
1090
1092
1093
1094
1097
1101
1104
1105
1106
1108
1109
1110
1113
1120
1121
1122
1124
1125
1126
1129
1133
1136
1137
1138
1140
1141
1145
1152
1153
1154
1156
1157
1158
1161
1165
1168
1169
1170
1172
1173
1177
1184
1185
1186
1188
1189
1190
1193
1197
1200
1201
1204
1205
1209
1216
1217
1218
1220
1221
1222
1225
1232
1233
1234
1236
1237
1241
1248
1249
1250
1252
1253
1254
1257
1264
1265
1268
1269
1273
1280
1281
1282
1284
1285
1286
1289
1296
1297
1300
1301
1305
1312
1313
1314
1316
1317
1321
1328
1329
1332
1333
1337
1344
1345
1346
1348
1349
1350
1353
1360
1361
1364
1365
1376
1377
1378
1380
1381
1385
1392
1393
1396
1397
1408
1409
1410
1412
1413
1417
1424
1425
1428
1429
1440
1441
1444
1445
1449
1456
1457
1460
1461
1472
1473
1474
1476
1477
1488
1489
1492
1493
1504
1505
1508
1509
1520
1521
1524
1525
1536
1537
1540
1541
1552
1553
1556
1557
1568
1569
1572
1573
1584
1585
1589
1600
1601
1604
1605
1616
1617
1620
1632
1633
1636
1637
1648
1649
1664
1665
1668
1669
1680
1681
1696
1697
1700
1701
1713
1728
1729
1732
1744
1745
1760
1761
1764
1777
1792
1793
1796
1809
1824
1825
1841
1856
1857
1860
1888
1889
1920
1921
1953
1984
3
388
0
2
4
5
6
7
20
22
23
30
52
54
64
65
66
67
68
69
70
71
80
81
82
83
84
85
86
87
88
89
90
91
92
93
94
95
112
113
114
115
116
117
118
119
192
193
194
195
196
197
198
199
208
209
210
211
212
213
214
215
216
217
218
219
220
221
222
223
240
241
242
243
244
245
246
247
320
322
323
324
325
326
327
330
332
333
334
335
340
342
343
350
352
354
355
356
357
358
359
362
364
365
366
367
372
374
375
382
384
386
387
388
389
390
391
394
396
397
398
399
404
406
407
414
416
418
419
420
421
422
423
426
428
429
430
431
436
438
439
446
448
449
450
451
452
453
454
455
456
457
458
459
460
461
462
463
464
465
466
467
468
469
470
471
472
473
474
475
476
477
478
479
480
481
482
483
484
485
486
487
488
489
490
491
492
493
494
495
496
497
498
499
500
501
502
503
504
505
506
507
508
509
510
511
960
962
963
964
965
966
967
970
972
973
974
975
980
982
983
990
992
994
995
996
997
998
999
1002
1004
1005
1006
1007
1012
1014
1015
1022
1344
1346
1348
1349
1350
1351
1364
1366
1367
1374
1396
1398
1408
1409
1410
1411
1412
1413
1414
1415
1424
1425
1426
1427
1428
1429
1430
1431
1432
1433
1434
1435
1436
1437
1438
1439
1456
1457
1458
1459
1460
1461
1462
1463
1472
1473
1474
1475
1476
1477
1478
1479
1488
1489
1490
1491
1492
1493
1494
1495
1496
1497
1498
1499
1500
1501
1502
1503
1520
1521
1522
1523
1524
1525
1526
1527
1728
1729
1730
1731
1732
1733
1734
1735
1744
1745
1746
1747
1748
1749
1750
1751
1752
1753
1754
1755
1756
1757
1758
1759
1776
1777
1778
1779
1780
1781
1782
1783
1984
1986
1987
1988
1989
1990
1991
1994
1996
1997
1998
1999
2004
2006
2007
2014
2016
2018
2019
2020
2021
2022
2023
2026
2028
2029
2030
2031
2036
2038
2039
2046
4032
4034
4036
4037
4038
4039
4052
4054
4055
4062
4084
4086
4
112
0
1
3
7
8
9
10
11
12
13
14
15
24
25
26
27
30
31
40
41
43
44
45
47
48
49
50
51
52
53
54
55
56
57
58
59
60
61
62
63
80
81
83
84
85
87
88
89
90
91
92
93
95
120
121
123
124
168
169
170
171
172
173
174
184
185
186
187
190
200
201
203
207
216
217
219
220
221
240
242
243
248
250
251
504
520
521
522
523
524
525
526
537
539
541
552
553
555
556
557
561
563
571
573
652
653
667
676
678
686
746
940
5
256
0
1
2
3
4
5
6
7
8
9
10
11
12
13
14
15
16
17
18
19
20
21
22
23
24
25
26
27
28
29
30
31
32
34
35
36
37
38
39
42
43
44
46
47
50
54
55
64
65
66
67
68
69
70
71
72
73
74
75
76
77
78
79
80
81
82
83
84
85
86
87
88
89
90
91
92
93
94
96
97
98
99
100
101
102
103
104
105
106
107
108
109
110
111
113
114
115
117
118
120
121
123
124
125
128
130
131
132
133
134
135
138
139
140
142
146
150
151
192
193
194
195
196
197
198
199
200
201
202
203
204
205
206
208
209
210
211
212
213
214
215
216
217
218
219
221
225
226
227
229
230
231
232
233
234
235
236
237
238
242
243
246
248
249
251
253
256
257
258
259
260
261
262
263
265
267
268
269
270
272
273
274
275
276
277
278
280
281
283
285
289
291
292
293
294
295
300
301
302
304
305
306
307
308
309
312
313
317
324
325
326
327
333
336
337
338
339
340
341
342
344
345
359
376
377
381
389
391
400
401
402
403
404
405
406
408
409
411
421
423
429
432
433
435
436
437
440
441
455
467
472
473
504
505
586
587