
Graph 43, order 12.
0 1 1 1 0 0 0 0 0 0 0 0
1 0 1 0 1 0 0 0 0 0 0 0
1 1 0 0 0 1 0 0 0 0 0 0
1 0 0 0 0 0 1 1 0 0 0 0
0 1 0 0 0 0 1 0 1 0 0 0
0 0 1 0 0 0 1 0 0 1 0 0
0 0 0 1 1 1 0 0 0 0 0 0
0 0 0 1 0 0 0 0 0 0 1 1
0 0 0 0 1 0 0 0 0 0 1 1
0 0 0 0 0 1 0 0 0 0 1 1
0 0 0 0 0 0 0 1 1 1 0 0
0 0 0 0 0 0 0 1 1 1 0 0

Graph 44, order 12.
0 1 1 1 0 0 0 0 0 0 0 0
1 0 1 0 1 0 0 0 0 0 0 0
1 1 0 0 0 1 0 0 0 0 0 0
1 0 0 0 0 0 1 1 0 0 0 0
0 1 0 0 0 0 1 0 1 0 0 0
0 0 1 0 0 0 0 1 1 0 0 0
0 0 0 1 1 0 0 0 0 1 0 0
0 0 0 1 0 1 0 0 0 0 1 0
0 0 0 0 1 1 0 0 0 0 0 1
0 0 0 0 0 0 1 0 0 0 1 1
0 0 0 0 0 0 0 1 0 1 0 1
0 0 0 0 0 0 0 0 1 1 1 0

Graph 45, order 12.
0 1 1 1 0 0 0 0 0 0 0 0
1 0 1 0 1 0 0 0 0 0 0 0
1 1 0 0 0 1 0 0 0 0 0 0
1 0 0 0 0 0 1 1 0 0 0 0
0 1 0 0 0 0 1 0 1 0 0 0
0 0 1 0 0 0 0 1 0 1 0 0
0 0 0 1 1 0 0 0 0 1 0 0
0 0 0 1 0 1 0 0 0 0 1 0
0 0 0 0 1 0 0 0 0 0 1 1
0 0 0 0 0 1 1 0 0 0 0 1
0 0 0 0 0 0 0 1 1 0 0 1
0 0 0 0 0 0 0 0 1 1 1 0

Graph 46, order 12.
0 1 1 1 0 0 0 0 0 0 0 0
1 0 1 0 1 0 0 0 0 0 0 0
1 1 0 0 0 1 0 0 0 0 0 0
1 0 0 0 0 0 1 1 0 0 0 0
0 1 0 0 0 0 1 0 1 0 0 0
0 0 1 0 0 0 0 1 0 1 0 0
0 0 0 1 1 0 0 0 0 0 1 0
0 0 0 1 0 1 0 0 0 0 1 0
0 0 0 0 1 0 0 0 0 1 0 1
0 0 0 0 0 1 0 0 1 0 0 1
0 0 0 0 0 0 1 1 0 0 0 1
0 0 0 0 0 0 0 0 1 1 1 0

Graph 47, order 12.
0 1 1 1 0 0 0 0 0 0 0 0
1 0 1 0 1 0 0 0 0 0 0 0
1 1 0 0 0 1 0 0 0 0 0 0
1 0 0 0 0 0 1 1 0 0 0 0
0 1 0 0 0 0 1 0 1 0 0 0
0 0 1 0 0 0 0 1 0 1 0 0
0 0 0 1 1 0 0 0 0 0 1 0
0 0 0 1 0 1 0 0 0 0 0 1
0 0 0 0 1 0 0 0 0 1 1 0
0 0 0 0 0 1 0 0 1 0 0 1
0 0 0 0 0 0 1 0 1 0 0 1
0 0 0 0 0 0 0 1 0 1 1 0

Graph 48, order 12.
0 1 1 1 0 0 0 0 0 0 0 0
1 0 1 0 1 0 0 0 0 0 0 0
1 1 0 0 0 1 0 0 0 0 0 0
1 0 0 0 0 0 1 1 0 0 0 0
0 1 0 0 0 0 1 0 1 0 0 0
0 0 1 0 0 0 0 1 0 1 0 0
0 0 0 1 1 0 0 0 0 0 1 0
0 0 0 1 0 1 0 0 0 0 0 1
0 0 0 0 1 0 0 0 0 1 0 1
0 0 0 0 0 1 0 0 1 0 1 0
0 0 0 0 0 0 1 0 0 1 0 1
0 0 0 0 0 0 0 1 1 0 1 0

Graph 49, order 12.
0 1 1 1 0 0 0 0 0 0 0 0
1 0 1 0 1 0 0 0 0 0 0 0
1 1 0 0 0 1 0 0 0 0 0 0
1 0 0 0 0 0 1 1 0 0 0 0
0 1 0 0 0 0 1 0 1 0 0 0
0 0 1 0 0 0 0 1 0 1 0 0
0 0 0 1 1 0 0 0 0 0 1 0
0 0 0 1 0 1 0 0 0 0 0 1
0 0 0 0 1 0 0 0 0 0 1 1
0 0 0 0 0 1 0 0 0 0 1 1
0 0 0 0 0 0 1 0 1 1 0 0
0 0 0 0 0 0 0 1 1 1 0 0

Graph 50, order 12.
0 1 1 1 0 0 0 0 0 0 0 0
1 0 1 0 1 0 0 0 0 0 0 0
1 1 0 0 0 1 0 0 0 0 0 0
1 0 0 0 0 0 1 1 0 0 0 0
0 1 0 0 0 0 1 0 1 0 0 0
0 0 1 0 0 0 0 0 0 1 1 0
0 0 0 1 1 0 0 1 0 0 0 0
0 0 0 1 0 0 1 0 0 0 0 1
0 0 0 0 1 0 0 0 0 1 1 0
0 0 0 0 0 1 0 0 1 0 0 1
0 0 0 0 0 1 0 0 1 0 0 1
0 0 0 0 0 0 0 1 0 1 1 0

Graph 51, order 12.
0 1 1 1 0 0 0 0 0 0 0 0
1 0 1 0 1 0 0 0 0 0 0 0
1 1 0 0 0 1 0 0 0 0 0 0
1 0 0 0 0 0 1 1 0 0 0 0
0 1 0 0 0 0 1 0 1 0 0 0
0 0 1 0 0 0 0 0 0 1 1 0
0 0 0 1 1 0 0 0 0 1 0 0
0 0 0 1 0 0 0 0 1 0 1 0
0 0 0 0 1 0 0 1 0 0 0 1
0 0 0 0 0 1 1 0 0 0 0 1
0 0 0 0 0 1 0 1 0 0 0 1
0 0 0 0 0 0 0 0 1 1 1 0

Graph 52, order 12.
0 1 1 1 0 0 0 0 0 0 0 0
1 0 1 0 1 0 0 0 0 0 0 0
1 1 0 0 0 1 0 0 0 0 0 0
1 0 0 0 0 0 1 1 0 0 0 0
0 1 0 0 0 0 1 0 1 0 0 0
0 0 1 0 0 0 0 0 0 1 1 0
0 0 0 1 1 0 0 0 0 1 0 0
0 0 0 1 0 0 0 0 1 0 0 1
0 0 0 0 1 0 0 1 0 0 0 1
0 0 0 0 0 1 1 0 0 0 1 0
0 0 0 0 0 1 0 0 0 1 0 1
0 0 0 0 0 0 0 1 1 0 1 0

Graph 53, order 12.
0 1 1 1 0 0 0 0 0 0 0 0
1 0 1 0 1 0 0 0 0 0 0 0
1 1 0 0 0 1 0 0 0 0 0 0
1 0 0 0 0 0 1 1 0 0 0 0
0 1 0 0 0 0 1 0 1 0 0 0
0 0 1 0 0 0 0 0 0 1 1 0
0 0 0 1 1 0 0 0 0 1 0 0
0 0 0 1 0 0 0 0 0 1 0 1
0 0 0 0 1 0 0 0 0 0 1 1
0 0 0 0 0 1 1 1 0 0 0 0
0 0 0 0 0 1 0 0 1 0 0 1
0 0 0 0 0 0 0 1 1 0 1 0

Graph 54, order 12.
0 1 1 1 0 0 0 0 0 0 0 0
1 0 1 0 1 0 0 0 0 0 0 0
1 1 0 0 0 1 0 0 0 0 0 0
1 0 0 0 0 0 1 1 0 0 0 0
0 1 0 0 0 0 1 0 1 0 0 0
0 0 1 0 0 0 0 0 0 1 1 0
0 0 0 1 1 0 0 0 0 1 0 0
0 0 0 1 0 0 0 0 0 0 1 1
0 0 0 0 1 0 0 0 0 0 1 1
0 0 0 0 0 1 1 0 0 0 0 1
0 0 0 0 0 1 0 1 1 0 0 0
0 0 0 0 0 0 0 1 1 1 0 0

Graph 55, order 12.
0 1 1 1 0 0 0 0 0 0 0 0
1 0 1 0 1 0 0 0 0 0 0 0
1 1 0 0 0 1 0 0 0 0 0 0
1 0 0 0 0 0 1 1 0 0 0 0
0 1 0 0 0 0 1 0 1 0 0 0
0 0 1 0 0 0 0 0 0 1 1 0
0 0 0 1 1 0 0 0 0 0 0 1
0 0 0 1 0 0 0 0 1 1 0 0
0 0 0 0 1 0 0 1 0 0 1 0
0 0 0 0 0 1 0 1 0 0 0 1
0 0 0 0 0 1 0 0 1 0 0 1
0 0 0 0 0 0 1 0 0 1 1 0

Graph 56, order 12.
0 1 1 1 0 0 0 0 0 0 0 0
1 0 1 0 1 0 0 0 0 0 0 0
1 1 0 0 0 1 0 0 0 0 0 0
1 0 0 0 0 0 1 1 0 0 0 0
0 1 0 0 0 0 1 0 1 0 0 0
0 0 1 0 0 0 0 0 0 1 1 0
0 0 0 1 1 0 0 0 0 0 0 1
0 0 0 1 0 0 0 0 1 1 0 0
0 0 0 0 1 0 0 1 0 0 0 1
0 0 0 0 0 1 0 1 0 0 1 0
0 0 0 0 0 1 0 0 0 1 0 1
0 0 0 0 0 0 1 0 1 0 1 0
